#技能名稱,需要裝飾品,擁有裝飾品,鑲嵌槽等級
需求：
屍套龍之命脈,3
耳塞,5,5,3
耐震,3,3,2
防禦,7,7,1
昏厥耐性,3,3,1
瘴氣耐性,3,3,1

武器：
皇后小刀滅盡;0;+0,+0,+0,+0,+0;0,2,0;(無),加速再生,1

#名稱;防禦力;火,水,雷,冰,龍;三級鑲嵌槽,二級鑲嵌槽,一級鑲嵌槽;系列技能,技能名稱1,數量,技能名稱2,數量,...
頭：
烏爾德頭盔β;84;-4,+4,+1,-1,-3;0,0,1;屍套龍之命脈,無傷,1
爆鱗龍頭盔β;84;+3,+1,-4,-2,-2;1,0,1;爆鱗龍之守護,耳塞,2
骨鎚龍頭盔β;78;+0,+2,+0,-1,-2;0,1,0;(無),耐震,1
大馬士革頭盔β;86;+4,-2,+0,+0,+0;1,0,0;(無),防禦,2
獨角仙后護頭α;80;-1,-1,+2,+0,+2;0,0,1;(無),昏厥耐性,2,防禦,1
墨鏡α;84;+4,+0,+4,+2,+0;0,0,3;(無),昏厥耐性,1
獨角仙后護頭β;80;-1,-1,+2,+0,+2;0,1,0;(無),昏厥耐性,2
眩鳥頭盔α;78;+0,+0,-3,-2,+0;0,0,0;(無),閃光強化,1,昏厥耐性,1

身：
烏爾德鎧甲β;84;-4,+4,+1,-1,-3;0,0,2;屍套龍之命脈,回復速度,2
收穫裝甲α;84;+4,+1,+1,+1,+1;0,1,1;(無),耐震,1
絢輝龍鎧羅鎧甲α;92;+4,-2,+3,-4,-2;0,0,1;(無),昏厥耐性,2,超會心,2
絢輝龍鎧羅鎧甲β;92;+4,-2,+3,-4,-2;1,0,1;(無),昏厥耐性,2,超會心,1
獨角仙后上身α;80;-1,-1,+2,+0,+2;0,0,0;(無),體力增強,2,昏厥耐性,1

腕：
烏爾德腕甲β;84;-4,+4,+1,-1,-3;0,0,3;屍套龍之命脈,無傷,1
爆鱗龍腕甲α;84;+3,+1,-4,-2,-2;0,0,0;爆鱗龍之守護,拔刀術技,2,耳塞,1
角龍腕甲α;86;+3,-2,+0,-3,+2;0,0,0;角龍之奧秘,火場怪力,2,耐震,1
合金腕甲α;74;-2,+0,-2,-2,+0;0,0,0;(無),防禦,1,砥石使用高速化,1
合金腕甲β;74;-2,+0,-2,-2,+0;0,0,1;(無),防禦,1
礦石腕甲β;82;+0,-1,-2,+3,+0;0,0,1;(無),防禦,2
爆鎚龍腕甲α;86;+4,-3,+1,-2,-2;0,0,1;爆鎚龍之守護,防禦性能,1,防禦,1
眩鳥腕甲β;78;+0,+0,-3,-2,+0;0,0,1;(無),昏厥耐性,2

腰：
烏爾德腰甲β;84;-4,+4,+1,-1,-3;0,0,2;屍套龍之命脈,無傷,1
爆鱗龍腰甲β;84;+3,+1,-4,-2,-2;1,0,0;爆鱗龍之守護,耳塞,2
鑄島熔岩脊椎α;76;+4,-3,-1,-2,-3;0,0,0;熔山龍的奧祕,不屈,1,耐震,1
獨角仙后腰具α;80;-1,-1,+2,+0,+2;0,0,1;(無),防禦,2,跑者,1

腳：
烏爾德護腿β;84;-4,+4,+1,-1,-3;0,0,2;屍套龍之命脈,瘴氣耐性,2
鑄島熔岩靴α;76;+4,-3,-1,-2,-3;0,0,0;熔山龍的奧祕,炸彈客,2,耳塞,1
角龍護腿β;86;+3,-2,+0,-3,+2;0,0,2;角龍之奧秘,耐震,2
鑄鐵護腿β;82;-2,+0,+3,-1,+0;0,1,0;(無),防禦,2
大馬士革護腿β;86;+4,-2,+0,+0,+0;1,0,0;(無),防禦,2
土砂龍護腿β;80;-3,-1,+3,-1,+0;0,0,2;(無),昏厥耐性,1

護石：
耳塞護石 III;0;+0,+0,+0,+0,+0;0,0,0;(無),耳塞,3
耐震護石 II;0;+0,+0,+0,+0,+0;0,0,0;(無),耐震,2
防禦護石 III;0;+0,+0,+0,+0,+0;0,0,0;(無),防禦,3
耐絕護石 III;0;+0,+0,+0,+0,+0;0,0,0;(無),昏厥耐性,3
耐瘴護石 III;0;+0,+0,+0,+0,+0;0,0,0;(無),瘴氣耐性,3
