#技能名稱,需要裝飾品,擁有裝飾品,鑲嵌槽等級
需求：
耳塞,5,5,3
減輕膽怯,3,3,3
防禦,7,7,1
火耐性,3,3,1
昏厥耐性,3,3,1

武器：
皇后小刀滅盡;0;+0,+0,+0,+0,+0;0,2,0;(無),加速再生

#名稱;防禦力;火,水,雷,冰,龍;三級鑲嵌槽,二級鑲嵌槽,一級鑲嵌槽;系列技能,技能名稱1,數量,技能名稱2,數量,...
頭：
爆鱗龍頭盔β;84;+3,+1,-4,-2,-2;1,0,1;爆鱗龍之守護,耳塞,2
突擊龍頭盔α;86;+3,+0,+0,+0,+0;0,0,0;(無),減輕膽怯,2,爆破異常狀態的耐性,1
突擊龍頭盔β;86;+3,+0,+0,+0,+0;0,0,1;(無),減輕膽怯,1
異種大型頭飾β;92;-3,+2,+2,+2,-4;0,1,0;冥燈龍的神秘,減輕膽怯,1
大馬士革頭盔β;86;+4,-2,+0,+0,+0;1,0,0;(無),防禦,2
獨角仙后護頭α;80;-1,-1,+2,+0,+2;0,0,1;(無),昏厥耐性,2,防禦,1
搔鳥頭盔α;78;+0,-3,+0,+1,+0;0,0,0;(無),火耐性,1,弱點特效,1
搔鳥頭盔β;78;+0,-3,+0,+1,+0;0,0,2;(無),火耐性,1
封印的眼罩α;84;+3,+2,+0,+2,+0;0,1,1;(無),火耐性,1
墨鏡α;84;+4,+0,+4,+2,+0;0,0,3;(無),昏厥耐性,1
獨角仙后護頭β;80;-1,-1,+2,+0,+2;0,1,0;(無),昏厥耐性,2
眩鳥頭盔α;78;+0,+0,-3,-2,+0;0,0,0;(無),閃光強化,1,昏厥耐性,1

身：
礦石鎧甲β;82;+0,-1,-2,+3,+0;0,1,0;(無),耳塞,1,冰屬性攻擊強化,1
獵戶星服飾α;90;+1,+1,+4,+1,+1;1,0,0;(無),減輕膽怯,1
大馬士革鎧甲β;86;+4,-2,+0,+0,+0;0,0,3;(無),集中,2
皮製服飾α;70;+2,+0,+0,+0,+0;0,0,0;(無),火耐性,1
絢輝龍鎧羅鎧甲α;92;+4,-2,+3,-4,-2;0,0,1;(無),昏厥耐性,2,超會心,2
絢輝龍鎧羅鎧甲β;92;+4,-2,+3,-4,-2;1,0,1;(無),昏厥耐性,2,超會心,1
獨角仙后上身α;80;-1,-1,+2,+0,+2;0,0,0;(無),體力增強,2,昏厥耐性,1

腕：
爆鱗龍腕甲α;84;+3,+1,-4,-2,-2;0,0,0;爆鱗龍之守護,拔刀術技,2,耳塞,1
異種大型鋼爪α;92;-3,+2,+2,+2,-4;0,0,1;冥燈龍的神秘,減輕膽怯,1,超會心,1
異種大型鋼爪β;92;-3,+2,+2,+2,-4;1,0,0;冥燈龍的神秘,減輕膽怯,1
合金腕甲α;74;-2,+0,-2,-2,+0;0,0,0;(無),防禦,1,砥石使用高速化,1
合金腕甲β;74;-2,+0,-2,-2,+0;0,0,1;(無),防禦,1
礦石腕甲β;82;+0,-1,-2,+3,+0;0,0,1;(無),防禦,2
爆鎚龍腕甲α;86;+4,-3,+1,-2,-2;0,0,1;爆鎚龍之守護,防禦性能,1,防禦,1
火龍腕甲α;86;+3,+1,-2,+1,-3;0,0,0;火龍奧秘,火耐性,2,攻擊,1
火龍腕甲β;86;+3,+1,-2,+1,-3;0,0,1;火龍奧秘,火耐性,2
眩鳥腕甲β;78;+0,+0,-3,-2,+0;0,0,1;(無),昏厥耐性,2

腰：
爆鱗龍腰甲α;84;+3,+1,-4,-2,-2;0,0,1;爆鱗龍之守護,耳塞,2,跳躍鐵人,1
爆鱗龍腰甲β;84;+3,+1,-4,-2,-2;1,0,0;爆鱗龍之守護,耳塞,2
獨角仙后腰具α;80;-1,-1,+2,+0,+2;0,0,1;(無),防禦,2,跑者,1
蠻顎龍腰甲β;82;+3,-3,-1,-1,+0;0,1,0;蠻顎龍之鬥志,火耐性,2

腳：
鑄島熔岩靴α;76;+4,-3,-1,-2,-3;0,0,0;熔山龍的奧祕,炸彈客,2,耳塞,1
異種大型靴α;92;-3,+2,+2,+2,-4;0,0,1;冥燈龍的神秘,減輕膽怯,1,強化持續,1
異種大型靴β;92;-3,+2,+2,+2,-4;0,0,2;冥燈龍的神秘,減輕膽怯,1
鑄鐵護腿β;82;-2,+0,+3,-1,+0;0,1,0;(無),防禦,2
大馬士革護腿β;86;+4,-2,+0,+0,+0;1,0,0;(無),防禦,2
土砂龍護腿α;80;-3,-1,+3,-1,+0;0,0,0;(無),昏厥耐性,2,跑者,1
土砂龍護腿β;80;-3,-1,+3,-1,+0;0,0,2;(無),昏厥耐性,1

護石：
耳塞護石 III;0;+0,+0,+0,+0,+0;0,0,0;(無),耳塞,3
耐衝護石 II;0;+0,+0,+0,+0,+0;0,0,0;(無),減輕膽怯,2
防禦護石 III;0;+0,+0,+0,+0,+0;0,0,0;(無),防禦,3
耐火護石 III;0;+0,+0,+0,+0,+0;0,0,0;(無),火耐性,3
耐絕護石 III;0;+0,+0,+0,+0,+0;0,0,0;(無),昏厥耐性,3
