#技能名稱,需要裝飾品,擁有裝飾品,鑲嵌槽等級
需求：
弱點特效,3,3,2
散彈剛射強化,1,0,3
無屬性強化,1,1,2
屬性解放裝填擴充,3,0,3
攻擊,4,1,1
防禦性能,3,0,1
#防禦強化,1,0,2
#超會心,3,2,2
#挑戰者,5,0,2
#看破,7,2,1
#精神抖擻,3,1,2
體力增強,3,3,1

#名稱;防禦力;火,水,雷,冰,龍;三級鑲嵌槽,二級鑲嵌槽,一級鑲嵌槽;系列技能,技能名稱1,數量,技能名稱2,數量,...
武器：
鎧羅突擊弩賊;0;+0,+0,+0,+0,+0;0,0,0;(無)

頭：
龍王的獨眼α;90;+0,+0,+0,+0,+0;0,0,0;(無),弱點特效,2
絢輝龍鎧羅頭盔α;92;+4,-2,+3,-4,-2;0,0,1;(無),屬性解放裝填擴充,1,挑戰者,2
絢輝龍鎧羅頭盔β;92;+4,-2,+3,-4,-2;0,1,1;(無),屬性解放裝填擴充,1,挑戰者,1
戰紋頭盔α;84;+1,+1,-3,+1,-3;0,0,1;滅盡龍之飢餓,精神抖擻,2,攻擊,1
火龍頭盔β;86;+3,+1,-2,+1,-3;0,0,1;火龍奧秘,攻擊,2
土砂龍頭盔α;80;-3,-1,+3,-1,+0;0,0,0;(無),防禦性能,2
土砂龍頭盔β;80;-3,-1,+3,-1,+0;0,0,1;(無),防禦性能,1

身：
火龍鎧甲β;86;+3,+1,-2,+1,-3;0,0,1;火龍奧秘,弱點特效,2
麒麟服飾γ;92;-3,-2,+4,-2,+2;0,0,2;麒麟的恩寵,屬性解放裝填擴充,2
火龍魂鎧甲β;82;+3,+2,+2,-3,-4;0,1,0;火龍奧秘,屬性解放裝填擴充,1
杜賓鎧甲β;86;-2,+0,-1,-1,+4;1,0,0;(無),攻擊,2
爆鱗龍鎧甲β;84;+3,+1,-4,-2,-2;0,0,2;爆鱗龍之守護,防禦性能,2
戰紋鎧甲α;84;+1,+1,-3,+1,-3;0,0,1;滅盡龍之飢餓,耐力急速回復,2,挑戰者,1

腕：
帝王腕甲α;84;+3,-3,+1,-3,+1;0,0,1;炎王龍之武技,弱點特效,2
帝王腕甲β;84;+3,-3,+1,-3,+1;1,0,0;炎王龍之武技,弱點特效,1
麒麟長腕甲γ;92;-3,-2,+4,-2,+2;0,2,0;麒麟的恩寵,屬性異常狀態的耐性,1,屬性解放裝填擴充,1
鑄島熔岩鋼爪β;76;+4,-3,-1,-2,-3;0,0,1;熔山龍的奧祕,屬性解放裝填擴充,1
戰紋腕甲α;84;+1,+1,-3,+1,-3;0,0,0;滅盡龍之飢餓,挑戰者,2,攻擊,1
戰紋腕甲β;84;+1,+1,-3,+1,-3;0,0,1;滅盡龍之飢餓,挑戰者,2
爆鎚龍腕甲β;86;+4,-3,+1,-2,-2;0,1,0;爆鎚龍之守護,防禦性能,1

腰：
帝王腰甲α;84;+3,-3,+1,-3,+1;0,0,0;炎王龍之武技,爆破屬性強化,2,弱點特效,1
絢輝龍鎧羅腰甲β;92;+4,-2,+3,-4,-2;1,0,1;(無),屬性解放裝填擴充,1,匠,1
戰紋腰甲β;84;+1,+1,-3,+1,-3;0,1,0;滅盡龍之飢餓,攻擊,2
骨鎚龍腰甲α;78;+0,+2,+0,-1,-2;0,0,0;(無),防禦性能,2
骨鎚龍腰甲β;78;+0,+2,+0,-1,-2;0,1,0;(無),防禦性能,1

腳：
但丁皮褲靴α;84;+3,-3,+3,-3,+3;0,0,2;(無),弱點特效,2
熔岩龍護腿β;88;+3,-3,+1,-2,+2;0,1,0;(無),散彈剛射強化,1
麒麟護脛β;84;-3,-2,+4,-2,+2;0,0,2;麒麟的恩寵,屬性解放裝填擴充,2
杜賓護腿β;86;-2,+0,-1,-1,+4;0,0,1;(無),攻擊,2
爆鎚龍護腿α;86;+4,-3,+1,-2,-2;0,0,1;爆鎚龍之守護,防禦性能,2
爆鎚龍護腿β;86;+4,-3,+1,-2,-2;1,0,0;爆鎚龍之守護,防禦性能,1
戰紋護腿α;84;+1,+1,-3,+1,-3;0,0,1;滅盡龍之飢餓,精神抖擻,1,挑戰者,1
皇后護腿α;90;+3,+1,+1,-3,-2;0,1,1;炎妃龍的恩寵,體力增強,2,廣域化,2
皇后護腿β;90;+3,+1,+1,-3,-2;0,2,0;炎妃龍的恩寵,體力增強,2

護石：
痛擊護石 II;0;+0,+0,+0,+0,+0;0,0,0;(無),弱點特效,2
散彈護石;0;+0,+0,+0,+0,+0;0,0,0;(無),散彈剛射強化,1
覺醒護石 II;0;+0,+0,+0,+0,+0;0,0,0;(無),屬性解放裝填擴充,2
攻擊護石 III;0;+0,+0,+0,+0,+0;0,0,0;(無),攻擊,3
鐵壁護石 III;0;+0,+0,+0,+0,+0;0,0,0;(無),防禦性能,3
堅守護石;0;+0,+0,+0,+0,+0;0,0,0;(無),防禦強化,1,死裡逃生,1
挑戰護石 II;0;+0,+0,+0,+0,+0;0,0,0;(無),挑戰者,2
