#技能名稱,需要裝飾品,擁有裝飾品,鑲嵌槽等級
需求：
屍套龍之命脈,3
龍封力強化,2,1,3
無傷,3,2,2
龍屬性攻擊強化,5,5,1
回復速度,3,3,1
昏厥耐性,3,3,1
體力回復量UP,3,3,1

武器：
殘滅之爪;0;+0,+0,+0,+0,+0;0,0,1;(無)

#名稱;防禦力;火,水,雷,冰,龍;三級鑲嵌槽,二級鑲嵌槽,一級鑲嵌槽;系列技能,技能名稱1,數量,技能名稱2,數量,...
頭：
烏爾德頭盔α;84;-4,+4,+1,-1,-3;0,0,0;屍套龍之命脈,無傷,1,龍屬性攻擊強化,2
烏爾德頭盔β;84;-4,+4,+1,-1,-3;0,0,1;屍套龍之命脈,無傷,1
旅團帽β;84;+1,+0,+2,+0,+2;0,0,1;(無),回復速度,2
獨角仙后護頭α;80;-1,-1,+2,+0,+2;0,0,1;(無),昏厥耐性,2,防禦,1
墨鏡α;84;+4,+0,+4,+2,+0;0,0,3;(無),昏厥耐性,1
獨角仙后護頭β;80;-1,-1,+2,+0,+2;0,1,0;(無),昏厥耐性,2
眩鳥頭盔α;78;+0,+0,-3,-2,+0;0,0,0;(無),閃光強化,1,昏厥耐性,1
獵戶星頭飾α;90;+1,+1,+4,+1,+1;1,0,1;(無),體力回復量UP,1

身：
烏爾德鎧甲β;84;-4,+4,+1,-1,-3;0,0,2;屍套龍之命脈,回復速度,2
火龍鎧甲β;86;+3,+1,-2,+1,-3;0,0,1;火龍奧秘,弱點特效,2
皇后鎧甲β;90;+3,+1,+1,-3,-2;0,0,3;炎妃龍的恩寵,無傷,2
絢輝龍鎧羅鎧甲α;92;+4,-2,+3,-4,-2;0,0,1;(無),昏厥耐性,2,超會心,2
絢輝龍鎧羅鎧甲β;92;+4,-2,+3,-4,-2;1,0,1;(無),昏厥耐性,2,超會心,1
獨角仙后上身α;80;-1,-1,+2,+0,+2;0,0,0;(無),體力增強,2,昏厥耐性,1
雌火龍鎧甲β;84;+2,+0,-2,+0,-3;0,0,1;(無),植生學,1,體力回復量UP,1

腕：
烏爾德腕甲β;84;-4,+4,+1,-1,-3;0,0,3;屍套龍之命脈,無傷,1
帝王腕甲α;84;+3,-3,+1,-3,+1;0,0,1;炎王龍之武技,弱點特效,2
帝王腕甲β;84;+3,-3,+1,-3,+1;1,0,0;炎王龍之武技,弱點特效,1
死神雙手α;88;+3,+2,-2,+3,-4;0,0,1;(無),集中,2,龍屬性攻擊強化,1
眩鳥腕甲β;78;+0,+0,-3,-2,+0;0,0,1;(無),昏厥耐性,2

腰：
烏爾德腰甲β;84;-4,+4,+1,-1,-3;0,0,2;屍套龍之命脈,無傷,1
死神臍帶β;88;+3,+2,-2,+3,-4;0,0,2;(無),龍屬性攻擊強化,2
熔岩龍腰甲α;88;+3,-3,+1,-2,+2;0,0,0;(無),收刀術,2,體力回復量UP,1

腳：
烏爾德護腿β;84;-4,+4,+1,-1,-3;0,0,2;屍套龍之命脈,瘴氣耐性,2
絢輝龍鎧羅護腿α;92;+4,-2,+3,-4,-2;0,0,1;(無),廣域化,2,無傷,2
絢輝龍鎧羅護腿β;92;+4,-2,+3,-4,-2;0,1,1;(無),廣域化,2,無傷,1
死神腳跟α;88;+3,+2,-2,+3,-4;0,0,0;(無),匠,2,龍屬性攻擊強化,2
土砂龍護腿β;80;-3,-1,+3,-1,+0;0,0,2;(無),昏厥耐性,1
雌火龍護腿β;84;+2,+0,-2,+0,-3;0,0,1;(無),體力回復量UP,1

護石：
滅龍護石;0;+0,+0,+0,+0,+0;0,0,0;(無),龍封力強化,1,龍屬性攻擊強化,1
無傷護石 II;0;+0,+0,+0,+0,+0;0,0,0;(無),無傷,2
破龍護石 III;0;+0,+0,+0,+0,+0;0,0,0;(無),龍屬性攻擊強化,3
早復護石 III;0;+0,+0,+0,+0,+0;0,0,0;(無),回復速度,3
耐絕護石 III;0;+0,+0,+0,+0,+0;0,0,0;(無),昏厥耐性,3
治癒護石 III;0;+0,+0,+0,+0,+0;0,0,0;(無),體力回復量UP,3
