#名稱;防禦力;火,水,雷,冰,龍;四級鑲嵌槽,三級鑲嵌槽,二級鑲嵌槽,一級鑲嵌槽;系列技能,技能名稱1,數量,技能名稱2,數量,...
# 118 裝備
腕：
防衛隊手甲α;82;+2,+0,+0,+2,+3;0,0,0,0;(無);跑者,1,精靈加護,1
皮製手套α;70;+2,+0,+0,+0,+0;0,0,0,0;(無);回復速度,1
皮製手套β;70;+2,+0,+0,+0,+0;0,0,0,1;(無);
鎖甲手套α;70;+0,+2,+0,+0,+0;0,0,0,0;(無);回復速度,1
鎖甲手套β;70;+0,+2,+0,+0,+0;0,0,0,1;(無);
獵人腕甲α;74;+2,+2,+0,+0,+0;0,0,0,0;(無);潛伏,2
獵人腕甲β;74;+2,+2,+0,+0,+0;0,0,0,1;(無);潛伏,1
骨製腕甲α;74;+2,+0,+2,+0,+2;0,0,0,0;(無);KO術,1,攻擊,1
骨製腕甲β;74;+2,+0,+2,+0,+2;0,0,0,1;(無);KO術,1
合金腕甲α;74;-2,+0,-2,-2,+0;0,0,0,0;(無);防禦,1,砥石使用高速化,1
合金腕甲β;74;-2,+0,-2,-2,+0;0,0,0,1;(無);防禦,1
燕尾蝶護袖α;80;-1,-1,+2,+0,+2;0,0,0,1;(無);植生學,2,飛身躍入,1
燕尾蝶護袖β;80;-1,-1,+2,+0,+2;0,0,1,1;(無);植生學,2
巨蜂腕甲α;76;-2,+1,+1,+1,+2;0,0,0,0;(無);麻痺屬性強化,2
巨蜂腕甲β;76;-2,+1,+1,+1,+2;0,0,0,1;(無);麻痺屬性強化,1
巨甲蟲腕甲α;76;-1,-1,+0,+0,+2;0,0,0,0;(無);滿足感,1,飢餓耐性,1
巨甲蟲腕甲β;76;-1,-1,+0,+0,+2;0,0,0,1;(無);滿足感,1
冠突龍護手α;78;+4,+0,+0,+0,+0;0,0,0,0;(無);滑走強化,1,集中,1
冠突龍護手β;78;+4,+0,+0,+0,+0;0,0,0,1;(無);滑走強化,1
凶豺龍腕甲α;78;-2,+2,-1,-1,+1;0,0,0,0;(無);指示隨從,1,威嚇,1
凶豺龍腕甲β;78;-2,+2,-1,-1,+1;0,0,0,1;(無);指示隨從,1
搔鳥腕甲α;78;+0,-3,+0,+1,+0;0,0,0,0;(無);搬運達人,1,看破,1
搔鳥腕甲β;78;+0,-3,+0,+1,+0;0,0,1,0;(無);搬運達人,1
眩鳥腕甲α;78;+0,+0,-3,-2,+0;0,0,0,0;(無);昏厥耐性,2,廣域化,1
眩鳥腕甲β;78;+0,+0,-3,-2,+0;0,0,0,1;(無);昏厥耐性,2
凶顎龍腕甲α;78;+0,-3,+2,+0,+1;0,0,0,0;(無);指示隨從,2
凶顎龍腕甲β;78;+0,-3,+2,+0,+1;0,0,0,1;(無);指示隨從,1
毒妖鳥腕甲α;80;+0,+3,-3,+0,+1;0,0,0,0;(無);毒耐性,2,毒屬性強化,1
毒妖鳥腕甲β;80;+0,+3,-3,+0,+1;0,0,0,2;(無);毒耐性,1
土砂龍腕甲α;80;-3,-1,+3,-1,+0;0,0,0,0;(無);跑者,1,奪取耐力,1
土砂龍腕甲β;80;-3,-1,+3,-1,+0;0,0,0,1;(無);跑者,1
蠻顎龍腕甲α;82;+3,-3,-1,-1,+0;0,0,0,0;蠻顎龍之鬥志;特殊射擊強化,1,火屬性攻擊強化,1
蠻顎龍腕甲β;82;+3,-3,-1,-1,+0;0,0,0,1;蠻顎龍之鬥志;特殊射擊強化,1
泥魚龍腕甲α;82;-1,+2,-3,+0,+0;0,0,0,0;(無);水屬性攻擊強化,2,適應水場,1
泥魚龍腕甲β;82;-1,+2,-3,+0,+0;0,0,0,1;(無);水屬性攻擊強化,2
飛雷龍腕甲α;82;+0,-3,+3,+0,+0;0,0,0,0;(無);迴避距離UP,2
飛雷龍腕甲β;82;+0,-3,+3,+0,+0;0,0,1,0;(無);迴避距離UP,1
浮空龍腕甲α;82;-3,+2,+0,+1,+0;0,0,0,0;(無);砲術,2
浮空龍腕甲β;82;-3,+2,+0,+1,+0;0,0,0,1;(無);砲術,1
雌火龍腕甲α;84;+2,+0,-2,+0,-3;0,0,0,0;(無);毒屬性強化,2
雌火龍腕甲β;84;+2,+0,-2,+0,-3;0,0,0,1;(無);毒屬性強化,1
火龍心腕甲α;84;+3,+0,-3,+0,-4;0,0,0,0;櫻火龍之奧祕;風壓耐性,2
火龍心腕甲β;84;+3,+0,-3,+0,-4;0,0,1,0;櫻火龍之奧祕;風壓耐性,1
骨鎚龍腕甲α;78;+0,+2,+0,-1,-2;0,0,0,0;(無);睡眠屬性強化,2,防禦性能,1
骨鎚龍腕甲β;78;+0,+2,+0,-1,-2;0,0,0,1;(無);睡眠屬性強化,1,防禦性能,1
岩賊龍腕甲α;86;+2,+0,-3,+0,+2;0,0,0,0;(無);炸彈客,2
岩賊龍腕甲β;86;+2,+0,-3,+0,+2;0,0,0,1;(無);炸彈客,1
鑄島熔岩鋼爪α;76;+4,-3,-1,-2,-3;0,0,0,0;熔山龍的奧祕;屬性解放裝填擴充,1,炸彈客,1
鑄島熔岩鋼爪β;76;+4,-3,-1,-2,-3;0,0,0,1;熔山龍的奧祕;屬性解放裝填擴充,1
礦石腕甲α;82;+0,-1,-2,+3,+0;0,0,0,0;(無);防禦,2,冰屬性攻擊強化,1
礦石腕甲β;82;+0,-1,-2,+3,+0;0,0,0,1;(無);防禦,2
鑄鐵腕甲α;82;-2,+0,+3,-1,+0;0,0,0,0;(無);體力增強,2,雷屬性攻擊強化,1
鑄鐵腕甲β;82;-2,+0,+3,-1,+0;0,0,0,1;(無);體力增強,2
旅團腕甲α;84;+1,+0,+2,+0,+2;0,0,0,0;(無);砲擊手,2,精靈加護,1
旅團腕甲β;84;+1,+0,+2,+0,+2;0,0,0,1;(無);砲擊手,2
熔岩龍腕甲α;88;+3,-3,+1,-2,+2;0,0,1,0;(無);滑走強化,1,廣域化,1
熔岩龍腕甲β;88;+3,-3,+1,-2,+2;0,1,0,0;(無);滑走強化,1
風漂龍腕甲α;86;-1,+2,-3,+3,+0;0,0,0,0;風漂龍的恩寵;飛燕,1,迴避性能,1
風漂龍腕甲β;86;-1,+2,-3,+3,+0;0,1,0,0;風漂龍的恩寵;飛燕,1
慘爪龍腕甲α;86;+2,+2,-2,-3,+0;0,0,0,0;慘爪龍的奧秘;體術,1,看破,1
慘爪龍腕甲β;86;+2,+2,-2,-3,+0;0,0,0,1;慘爪龍的奧秘;體術,1
火龍腕甲α;86;+3,+1,-2,+1,-3;0,0,0,0;火龍奧秘;火耐性,2,攻擊,1
火龍腕甲β;86;+3,+1,-2,+1,-3;0,0,0,1;火龍奧秘;火耐性,2
火龍魂腕甲α;82;+3,+2,+2,-3,-4;0,0,0,1;火龍奧秘;集中,1,風壓耐性,1
火龍魂腕甲β;82;+3,+2,+2,-3,-4;0,0,1,0;火龍奧秘;集中,1
角龍腕甲α;86;+3,-2,+0,-3,+2;0,0,0,0;角龍之奧秘;火場怪力,2,耐震,1
角龍腕甲β;86;+3,-2,+0,-3,+2;0,0,1,0;角龍之奧秘;火場怪力,2
暴君角龍腕甲α;82;+2,-3,+0,-4,+2;0,0,0,0;角龍之奧秘;集中,1,跑者,1
暴君角龍腕甲β;82;+2,-3,+0,-4,+2;0,0,1,1;角龍之奧秘;集中,1
爆鎚龍腕甲α;86;+4,-3,+1,-2,-2;0,0,0,1;爆鎚龍之守護;防禦性能,1,防禦,1
爆鎚龍腕甲β;86;+4,-3,+1,-2,-2;0,0,1,0;爆鎚龍之守護;防禦性能,1
爆鱗龍腕甲α;84;+3,+1,-4,-2,-2;0,0,0,0;爆鱗龍之守護;拔刀術技,2,耳塞,1
爆鱗龍腕甲β;84;+3,+1,-4,-2,-2;0,1,0,0;爆鱗龍之守護;拔刀術技,2
大馬士革腕甲α;86;+4,-2,+0,+0,+0;0,0,0,0;(無);匠,1,砥石使用高速化,1
大馬士革腕甲β;86;+4,-2,+0,+0,+0;0,0,0,1;(無);匠,1
杜賓腕甲α;86;-2,+0,-1,-1,+4;0,0,0,0;(無);耐力急速回復,2,最愛菇類,1
杜賓腕甲β;86;-2,+0,-1,-1,+4;0,0,0,2;(無);耐力急速回復,1,最愛菇類,1
死神雙手α;88;+3,+2,-2,+3,-4;0,0,0,1;(無);集中,2,龍屬性攻擊強化,1
死神雙手β;88;+3,+2,-2,+3,-4;0,0,0,2;(無);集中,2
戰紋腕甲α;84;+1,+1,-3,+1,-3;0,0,0,0;滅盡龍之飢餓;挑戰者,2,攻擊,1
戰紋腕甲β;84;+1,+1,-3,+1,-3;0,0,0,1;滅盡龍之飢餓;挑戰者,2
帝王腕甲α;84;+3,-3,+1,-3,+1;0,0,0,1;炎王龍之武技;弱點特效,2
帝王腕甲β;84;+3,-3,+1,-3,+1;0,1,0,0;炎王龍之武技;弱點特效,1
鋼龍剛強α;84;+0,+2,-3,+4,-2;0,0,0,0;鋼龍之飛翔;迴避性能,2,匠,1
鋼龍剛強β;84;+0,+2,-3,+4,-2;0,1,0,0;鋼龍之飛翔;迴避性能,2
烏爾德腕甲α;84;-4,+4,+1,-1,-3;0,0,0,1;屍套龍之命脈;無傷,1,回復速度,1
烏爾德腕甲β;84;-4,+4,+1,-1,-3;0,0,0,3;屍套龍之命脈;無傷,1
麒麟長腕甲α;84;-3,-2,+4,-2,+2;0,0,0,0;麒麟的恩寵;雷屬性攻擊強化,2,跑者,1
麒麟長腕甲β;84;-3,-2,+4,-2,+2;0,0,0,2;麒麟的恩寵;雷屬性攻擊強化,2
冥燈幽火鋼爪α;92;-3,+2,+2,+2,-4;0,0,0,1;冥燈龍的神秘;減輕膽怯,1,超會心,1
冥燈幽火鋼爪β;92;-3,+2,+2,+2,-4;0,1,0,0;冥燈龍的神秘;減輕膽怯,1
公會十字腕甲α;82;+0,+0,+0,+0,+0;0,0,0,1;公會的指引;整備,1,水耐性,2
公會十字腕甲β;82;+0,+0,+0,+0,+0;0,1,0,0;公會的指引;整備,1
追蹤者手套α;90;+2,+2,+2,+2,+2;0,0,0,1;調查團的指引;閃光強化,1,剝取鐵人,1
追蹤者手套β;90;+2,+2,+2,+2,+2;0,0,1,0;調查團的指引;閃光強化,1
殘虐腕甲α;84;+1,+1,-3,+2,-3;0,0,0,0;(無);力量解放,2,破壞王,1
殘虐腕甲β;84;+1,+1,-3,+2,-3;0,0,1,0;(無);力量解放,2
絢輝龍鎧羅腕甲α;92;+4,-2,+3,-4,-2;0,0,0,1;(無);屬性解放裝填擴充,1,強化持續,2
絢輝龍鎧羅腕甲β;92;+4,-2,+3,-4,-2;0,1,0,1;(無);屬性解放裝填擴充,1,強化持續,1
皇后腕甲α;90;+3,+1,+1,-3,-2;0,1,0,0;炎妃龍的恩寵;廣域化,2,爆破屬性強化,2
皇后腕甲β;90;+3,+1,+1,-3,-2;0,1,1,0;炎妃龍的恩寵;廣域化,2
巴魯特手套α;78;+1,+1,+4,+1,+1;0,0,0,2;(無);麻痺耐性,1
潛水夫腕甲α;84;+1,+4,+1,+1,+1;0,0,1,0;(無);收刀術,1
收穫手套α;84;+4,+1,+1,+1,+1;0,0,1,1;(無);怨恨,1
獵戶星腕甲α;90;+1,+1,+1,+4,+1;0,1,0,1;(無);風壓耐性,1
盛裝手套α;90;+1,+1,+1,+1,+4;0,0,1,2;星辰的祝福;精神抖擻,1
獨角仙后護袖α;80;-1,-1,+2,+0,+2;0,0,0,0;(無);看破,2,體力增強,1
獨角仙后護袖β;80;-1,-1,+2,+0,+2;0,0,0,1;(無);看破,2
戰紋腕甲γ;84;+1,+1,-3,+1,-3;0,0,1,2;滅盡龍之飢餓;破壞王,1,攻擊,1
烏爾德腕甲γ;92;-4,+4,+1,-1,-3;0,1,1,0;屍套龍之命脈;龍屬性攻擊強化,3
麒麟長腕甲γ;92;-3,-2,+4,-2,+2;0,0,2,0;麒麟的恩寵;屬性異常狀態的耐性,1,屬性解放裝填擴充,1
帝王腕甲γ;92;+3,-3,+1,-3,+1;0,1,0,0;炎王龍之武技;看破,3
鋼龍剛強γ;92;+0,+2,-3,+4,-2;0,0,0,3;鋼龍之飛翔;集中,2
鑄島熔岩鋼爪γ;92;+4,-3,-1,-2,-3;0,1,0,1;熔山龍的奧祕;耳塞,2
冥燈幽火鋼爪γ;90;-3,+2,+2,+2,-4;0,0,1,2;冥燈龍的神秘;強化持續,2,特殊射擊強化,1
絢輝龍鎧羅腕甲γ;92;+4,-2,+3,-4,-2;0,0,0,1;(無);匠,2,體術,1
皇后腕甲γ;90;+3,+1,+1,-3,-2;0,1,0,1;炎妃龍的恩寵;挑戰者,2,迴避距離UP,1
蒼星之將腕甲α;82;+2,+2,+0,+0,+3;0,1,0,0;火龍奧秘;體力回復量UP,2
但丁手套α;84;+3,-3,+3,-3,+3;0,1,0,0;(無);迴避性能,1,特殊射擊強化,1
騰龍腕甲α;92;-2,-2,+3,-2,+4;0,0,2,0;龍騎士之證;看破,2,攻擊,1
精英骨製腕甲α;152;+2,+0,+2,+0,+2;0,0,1,0;(無);KO術,2,攻擊,1
精英骨製腕甲β;152;+2,+0,+2,+0,+2;1,0,0,1;(無);KO術,1
精英合金腕甲α;152;-2,+0,-2,-2,+0;0,1,0,0;(無);防禦,2,砥石使用高速化,1
精英合金腕甲β;152;-2,+0,-2,-2,+0;1,0,0,1;(無);防禦,1
精英巨蜂腕甲α;154;-2,+1,+1,+1,+2;0,1,0,0;(無);麻痺屬性強化,2,收刀術,1
精英巨蜂腕甲β;154;-2,+1,+1,+1,+2;1,0,0,1;(無);麻痺屬性強化,1
精英巨甲蟲腕甲α;154;-1,-1,+0,+0,+2;0,1,0,0;(無);滿足感,1,匠,1
精英巨甲蟲腕甲β;154;-1,-1,+0,+0,+2;1,0,1,0;(無);滿足感,1
精英冠突龍護手α;154;+4,+0,+0,+0,+0;0,0,0,2;(無);滑走強化,1,集中,2
精英冠突龍護手β;154;+4,+0,+0,+0,+0;1,0,0,1;(無);滑走強化,1,集中,1
精英凶豺龍腕甲α;154;-2,+2,-1,-1,+1;0,0,1,0;(無);迴避距離UP,2,體力回復量UP,1
精英凶豺龍腕甲β;154;-2,+2,-1,-1,+1;1,0,0,0;(無);迴避距離UP,1,體力回復量UP,1
精英眩鳥腕甲α;154;+0,+0,-3,-2,+0;0,0,1,0;(無);昏厥耐性,2,廣域化,2
精英眩鳥腕甲β;154;+0,+0,-3,-2,+0;1,0,0,0;(無);昏厥耐性,1,廣域化,1
精英凶顎龍腕甲α;154;+0,-3,+2,+0,+1;0,0,0,1;(無);屬性解放裝填擴充,1,瘴氣耐性,2
精英凶顎龍腕甲β;154;+0,-3,+2,+0,+1;1,0,0,0;(無);屬性解放裝填擴充,1,瘴氣耐性,1
精英岩賊龍腕甲α;158;+2,+0,-3,+0,+2;0,0,1,0;(無);炸彈客,2,爆破屬性強化,1
精英岩賊龍腕甲β;158;+2,+0,-3,+0,+2;1,0,0,0;(無);炸彈客,1,爆破屬性強化,1
精英搔鳥腕甲α;154;+0,-3,+0,+1,+0;0,0,0,2;(無);超會心,1,搬運達人,1
精英搔鳥腕甲β;154;+0,-3,+0,+1,+0;1,0,0,0;(無);超會心,1
精英毒妖鳥腕甲α;156;+0,+3,-3,+0,+1;0,0,0,1;(無);無傷,2,環境利用知識,1
精英毒妖鳥腕甲β;156;+0,+3,-3,+0,+1;1,0,0,0;(無);無傷,1,環境利用知識,1
精英妖水腕甲α;170;+0,+3,-2,-3,+0;0,0,0,1;(無);破壞王,1,強化持續,1
精英妖水腕甲β;170;+0,+3,-2,-3,+0;1,0,0,1;(無);破壞王,1
精英土砂龍腕甲α;156;-3,-1,+3,-1,+0;0,1,0,1;(無);跑者,1,防禦性能,1
精英土砂龍腕甲β;156;-3,-1,+3,-1,+0;1,0,1,0;(無);跑者,1
精英泥魚龍腕甲α;156;-1,+2,-3,+0,+0;0,0,1,1;(無);水屬性攻擊強化,2,冰耐性,1
精英泥魚龍腕甲β;156;-1,+2,-3,+0,+1;1,0,1,0;(無);水屬性攻擊強化,2
精英冰魚龍腕甲α;156;-3,+0,-2,+3,+2;0,1,0,0;(無);冰屬性攻擊強化,2,體力增強,1
精英冰魚龍腕甲β;156;-3,+0,-2,+3,+2;1,0,0,0;(無);冰屬性攻擊強化,2
精英飛雷龍腕甲α;158;+0,-3,+3,+0,+0;0,0,1,0;(無);迴避距離UP,2,雷屬性攻擊強化,2
精英飛雷龍腕甲β;158;+0,-3,+3,+0,+0;1,0,1,0;(無);迴避距離UP,1,雷屬性攻擊強化,2
精英朱毒腕甲α;170;+1,+3,-3,-2,+1;0,0,1,0;(無);毒屬性強化,2,迴避性能,1
精英朱毒腕甲β;170;+1,+3,-3,-2,+1;1,0,0,0;(無);毒屬性強化,1,迴避性能,1
精英礦石腕甲α;166;+0,-1,-2,+3,+0;0,0,1,1;(無);防禦,2,冰屬性攻擊強化,2
精英礦石腕甲β;166;+0,-1,-2,+3,+0;1,0,0,1;(無);防禦,2,冰屬性攻擊強化,1
精英猛牛龍腕甲α;168;-2,+2,-1,+3,-3;0,0,1,0;(無);攻擊守勢,1,體力增強,2
精英猛牛龍腕甲β;168;-2,+2,-1,+3,-3;1,0,0,0;(無);攻擊守勢,1,體力增強,1
精英蠻顎龍腕甲α;170;+3,-3,-1,-1,+0;0,0,1,0;蠻顎龍的霸氣;特殊射擊強化,1,火屬性攻擊強化,2
精英蠻顎龍腕甲β;170;+3,-3,-1,-1,+0;1,0,0,0;蠻顎龍的霸氣;特殊射擊強化,1,火屬性攻擊強化,1
精英雷顎腕甲α;170;-1,-1,+2,-3,+0;0,0,1,0;蠻顎龍的霸氣;道具使用強化,2,雷屬性攻擊強化,2
精英雷顎腕甲β;170;-1,-1,+2,-3,+0;1,0,1,0;蠻顎龍的霸氣;道具使用強化,2
精英雌火龍腕甲α;168;+2,+0,-2,+0,-3;0,1,0,0;雌火龍的真髓;毒屬性強化,2,植生學,1
精英雌火龍腕甲β;168;+2,+0,-2,+0,-3;1,0,0,0;雌火龍的真髓;毒屬性強化,2
精英火龍心腕甲α;170;+3,+0,-3,+0,-4;0,0,1,0;雌火龍的真髓;風壓耐性,2,匠,1
精英火龍心腕甲β;170;+3,+0,-3,+0,-4;1,0,1,0;雌火龍的真髓;風壓耐性,2
精英浮空龍腕甲α;168;-3,+2,+0,+1,+0;0,0,2,0;(無);砲術,2,風壓耐性,1
精英浮空龍腕甲β;168;-3,+2,+0,+1,+0;1,0,0,1;(無);砲術,1,風壓耐性,1
精英浮夢腕甲α;170;-3,-3,+2,+1,+1;0,0,1,0;(無);精神抖擻,1,睡眠屬性強化,1
精英浮夢腕甲β;170;-3,-3,+2,+1,+1;1,0,0,0;(無);精神抖擻,1
精英骨鎚龍腕甲α;172;+0,+2,+0,-1,-2;0,0,1,0;(無);睡眠屬性強化,2,防禦性能,1
精英骨鎚龍腕甲β;172;+0,+2,+0,-1,-2;1,0,0,0;(無);睡眠屬性強化,1,防禦性能,1
精英機械腕甲α;174;+1,-2,-2,+2,+3;0,0,0,2;太古的神秘;屬性解放裝填擴充,2,整備,1
精英機械腕甲β;174;+1,-2,-2,+2,+3;1,0,0,0;太古的神秘;屬性解放裝填擴充,2
精英蒸氣貴族腕甲α;174;+2,+2,+2,-1,-1;0,0,1,0;調查團的鍊金術;炸彈客,3,耐震,1
精英蒸氣貴族腕甲β;174;+2,+2,+2,-1,-1;1,0,0,0;調查團的鍊金術;炸彈客,3
精英鑄鐵腕甲α;168;-2,+0,+3,-1,+0;0,0,1,1;(無);體力增強,2,雷屬性攻擊強化,2
精英鑄鐵腕甲β;168;-2,+0,+3,-1,+0;1,0,0,0;(無);體力增強,2,雷屬性攻擊強化,1
精英冰牙龍腕甲α;170;-3,+2,-2,+3,+0;0,0,1,0;冰牙龍的秘技;體力回復量UP,2,體術,2
精英冰牙龍腕甲β;170;-3,+2,-2,+3,+0;1,0,0,0;冰牙龍的秘技;體力回復量UP,2,體術,1
精英火龍腕甲α;172;+3,+1,-2,+1,-3;0,1,0,0;火龍的真髓;跳躍鐵人,1,弱點特效,1
精英火龍腕甲β;172;+3,+1,-2,+1,-3;1,1,0,0;火龍的真髓;跳躍鐵人,1
精英火龍魂腕甲α;172;+3,+2,+2,-3,-4;0,0,1,0;火龍的真髓;破壞王,2,風壓耐性,1
精英火龍魂腕甲β;172;+3,+2,+2,-3,-4;1,0,0,1;火龍的真髓;破壞王,1,風壓耐性,1
精英角龍腕甲α;172;+3,-2,+0,-3,+2;0,0,1,0;角龍的霸氣;火場怪力,2,耐震,1
精英角龍腕甲β;172;+3,-2,+0,-3,+2;1,0,0,1;角龍的霸氣;火場怪力,2,耐震,1
精英暴君角龍腕甲α;172;+2,-3,+0,-4,+2;0,0,0,2;角龍的霸氣;KO術,2,跑者,1
精英暴君角龍腕甲β;172;+2,-3,+0,-4,+2;1,0,1,0;角龍的霸氣;KO術,1,跑者,1
精英風漂龍腕甲α;172;-1,+2,-3,+3,+0;0,1,0,0;風漂龍的霸氣;飛燕,1,迴避性能,2
精英風漂龍腕甲β;172;-1,+2,-3,+3,+0;1,0,1,0;風漂龍的霸氣;飛燕,2,迴避性能,1
精英霜漂腕甲α;170;-3,+2,-1,+3,+0;0,0,0,2;風漂龍的霸氣;拔刀術技,2,飢餓耐性,1
精英霜漂腕甲β;170;-3,+2,-1,+3,+0;1,0,0,0;風漂龍的霸氣;拔刀術技,2
精英慘爪龍腕甲α;172;+2,+2,-2,-3,+0;0,0,0,1;慘爪龍的真髓;體術,2,看破,1
精英慘爪龍腕甲β;172;+2,+2,-2,-3,+0;1,0,0,0;慘爪龍的真髓;體術,1,看破,1
精英亡爪腕甲α;172;-2,-3,-2,-2,+4;0,0,1,1;慘爪龍的真髓;強化持續,1,龍屬性攻擊強化,2
精英亡爪腕甲β;172;-2,-3,-2,-2,+4;1,0,0,1;慘爪龍的真髓;強化持續,1,龍屬性攻擊強化,1
精英熔岩龍腕甲α;172;+3,-3,+1,-2,+2;0,0,0,1;(無);無傷,2,體力回復量UP,1
精英熔岩龍腕甲β;172;+3,-3,+1,-2,+2;1,0,0,0;(無);無傷,1,體力回復量UP,1
精英爆鎚龍腕甲α;176;+4,-3,+1,-2,-2;0,0,1,0;爆鎚龍的霸氣;防禦性能,2,防禦力DOWN耐性,2
精英爆鎚龍腕甲β;176;+4,-3,+1,-2,-2;1,0,0,0;爆鎚龍的霸氣;防禦性能,2,防禦力DOWN耐性,1
精英迅龍腕甲α;172;-2,+2,-3,+0,+0;0,0,0,1;迅龍的真髓;耐力急速回復,2,潛伏,2
精英迅龍腕甲β;172;-2,+2,-3,+0,+0;1,0,0,0;迅龍的真髓;耐力急速回復,2
精英斬龍腕甲α;174;+3,-3,+1,-1,-1;0,0,0,1;斬龍的真髓;精神抖擻,2,集中,1
精英斬龍腕甲β;174;+3,-3,+1,-1,-1;1,0,0,0;斬龍的真髓;精神抖擻,1,集中,1
精英斬黃腕甲α;174;-3,+2,-1,+2,-1;0,0,1,1;斬龍的真髓;昏厥耐性,2,匠,1
精英斬黃腕甲β;174;-3,+2,-1,+2,-1;1,0,1,1;斬龍的真髓;昏厥耐性,2
精英碎龍腕甲α;174;+3,-2,+1,-3,+1;0,0,1,0;碎龍的真髓;挑戰者,2,爆破異常狀態的耐性,2
精英碎龍腕甲β;174;+3,-2,+1,-3,+1;1,0,0,0;碎龍的真髓;挑戰者,2,爆破異常狀態的耐性,1
精英轟龍腕甲α;174;+2,+0,-3,+0,-2;0,0,0,1;轟龍的真髓;快吃,2,攻擊,2
精英轟龍腕甲β;174;+2,+0,-3,+0,-2;1,0,0,0;轟龍的真髓;快吃,2,攻擊,1
精英黑帶腕甲α;174;+1,+1,+1,+1,+2;0,1,0,0;教官的引導;廣域化,2,吹笛名人,2
精英黑帶腕甲β;174;+1,+1,+1,+1,+2;1,0,0,1;教官的引導;廣域化,2
精英杜賓腕甲α;176;-2,+0,-1,-1,+4;0,0,1,1;(無);耐力急速回復,2,最愛菇類,1
精英杜賓腕甲β;176;-2,+0,-1,-1,+4;1,0,0,1;(無);耐力急速回復,1,最愛菇類,1
精英大馬士革腕甲α;176;+4,-2,+0,+0,+0;0,0,1,1;(無);匠,2,砥石使用高速化,1
精英大馬士革腕甲β;176;+4,-2,+0,+0,+0;1,0,0,1;(無);匠,2
精英矜持腕甲α;178;+3,+1,-2,-4,-2;0,1,0,0;爆鱗龍的霸氣;拔刀術技,2,耳塞,1
精英矜持腕甲β;178;+3,+1,-2,-4,-2;1,1,0,0;爆鱗龍的霸氣;拔刀術技,2
精英雪崩腕甲α;172;+4,-2,+0,+0,+0;0,0,0,1;冰呪龍的神秘;收刀術,1,減輕膽怯,2
精英雪崩腕甲β;172;+4,-2,+0,+0,+0;1,0,0,0;冰呪龍的神秘;收刀術,1,減輕膽怯,1
精英死滅腕甲α;174;-2,+4,+1,+1,-3;0,0,1,2;屍套龍的靈脈;體力回復量UP,2,快吃,1
精英死滅腕甲β;174;-2,+4,+1,+1,-3;1,0,0,2;屍套龍的靈脈;體力回復量UP,2
#精英帝王腕甲α;174;+3,-3,+1,-3,+1;0,0,1,0;炎王龍之武技;弱點特效,2,熱傷害無效,1
#精英帝王腕甲β;174;+3,-3,+1,-3,+1;1,1,0,0;炎王龍之武技;弱點特效,1,熱傷害無效,1
#精英鋼龍剛強α;174;+0,+2,-3,+4,-2;0,0,0,1;鋼龍之飛翔;迴避性能,3
#精英鋼龍剛強β;174;+0,+2,-3,+4,-2;1,0,1,0;鋼龍之飛翔;迴避性能,2
#精英麒麟腕甲α;172;-3,-2,+4,-2,+2;0,1,1,0;幻獸的神秘;雷屬性攻擊強化,3,跑者,1
#精英麒麟腕甲β;172;-3,-2,+4,-2,+2;1,0,2,0;幻獸的神秘;雷屬性攻擊強化,3
#精英觸角腕甲α;176;-3,+4,+3,+0,-2;0,0,0,1;溟波龍的神秘;整備,2,精神抖擻,1
#精英觸角腕甲β;176;-3,+4,+3,+0,-2;1,0,0,0;溟波龍的神秘;整備,2
#精英迦樓羅腕甲α;180;+0,-2,+3,+3,+0;0,0,0,1;天地煌啼龍的神秘;超會心,2,轉禍為福,1
#精英迦樓羅腕甲β;180;+0,-2,+3,+3,+0;1,0,0,0;天地煌啼龍的神秘;超會心,2
精英阿斯特拉領巾α;178;+2,+2,+2,+2,+2;1,0,0,2;大感謝的祝福;精靈加護,2
