#名稱;防禦力;火,水,雷,冰,龍;四級鑲嵌槽,三級鑲嵌槽,二級鑲嵌槽,一級鑲嵌槽;系列技能,技能名稱1,數量,技能名稱2,數量,...
# 118 裝備
身：
防衛隊鎧甲α;82;+2,+0,+0,+2,+3;0,0,0,0;(無);跑者,1,體力回復量UP,1
皮製服飾α;70;+2,+0,+0,+0,+0;0,0,0,0;(無);火耐性,1
皮製服飾β;70;+2,+0,+0,+0,+0;0,0,0,1;(無);
鎖甲服飾α;70;+0,+2,+0,+0,+0;0,0,0,0;(無);水耐性,1
鎖甲服飾β;70;+0,+2,+0,+0,+0;0,0,0,1;(無);
獵人鎧甲α;74;+2,+2,+0,+0,+0;0,0,0,0;(無);投射器裝填數UP,2
獵人鎧甲β;74;+2,+2,+0,+0,+0;0,0,0,1;(無);投射器裝填數UP,1
骨製鎧甲α;74;+2,+0,+2,+0,+2;0,0,0,0;(無);攻擊,2
骨製鎧甲β;74;+2,+0,+2,+0,+2;0,0,0,1;(無);攻擊,1
合金鎧甲α;74;-2,+0,-2,-2,+0;0,0,0,0;(無);水耐性,2
合金鎧甲β;74;-2,+0,-2,-2,+0;0,0,0,1;(無);水耐性,1
燕尾蝶上身α;80;-1,-1,+2,+0,+2;0,0,0,0;(無);收刀術,2,植生學,1
燕尾蝶上身β;80;-1,-1,+2,+0,+2;0,0,0,1;(無);收刀術,2
巨蜂鎧甲α;76;-2,+1,+1,+1,+2;0,0,0,0;(無);風壓耐性,2
巨蜂鎧甲β;76;-2,+1,+1,+1,+2;0,0,0,1;(無);風壓耐性,1
巨甲蟲鎧甲α;76;-1,-1,+0,+0,+2;0,0,0,0;(無);適應瘴氣環境,1,飢餓耐性,1
巨甲蟲鎧甲β;76;-1,-1,+0,+0,+2;0,0,0,1;(無);適應瘴氣環境,1
凶豺龍鎧甲α;78;-2,+2,-1,-1,+1;0,0,0,0;(無);威嚇,2
凶豺龍鎧甲β;78;-2,+2,-1,-1,+1;0,0,0,1;(無);威嚇,1
搔鳥鎧甲α;78;+0,-3,+0,+1,+0;0,0,0,0;(無);耐力急速回復,1,看破,1
搔鳥鎧甲β;78;+0,-3,+0,+1,+0;0,0,0,1;(無);耐力急速回復,1
眩鳥鎧甲α;78;+0,+0,-3,-2,+0;0,0,0,0;(無);體術,1,水屬性攻擊強化,2
眩鳥鎧甲β;78;+0,+0,-3,-2,+0;0,0,0,2;(無);體術,1
凶顎龍鎧甲α;78;+0,-3,+2,+0,+1;0,0,0,0;(無);麻痺耐性,2
凶顎龍鎧甲β;78;+0,-3,+2,+0,+1;0,0,0,1;(無);麻痺耐性,1
毒妖鳥鎧甲α;80;+0,+3,-3,+0,+1;0,0,0,0;(無);道具使用強化,1,植生學,1
毒妖鳥鎧甲β;80;+0,+3,-3,+0,+1;0,0,0,1;(無);道具使用強化,1
土砂龍鎧甲α;80;-3,-1,+3,-1,+0;0,0,0,0;(無);奪取耐力,2
土砂龍鎧甲β;80;-3,-1,+3,-1,+0;0,0,0,1;(無);奪取耐力,1
蠻顎龍鎧甲α;82;+3,-3,-1,-1,+0;0,0,0,0;蠻顎龍之鬥志;跑者,2,特殊射擊強化,1
蠻顎龍鎧甲β;82;+3,-3,-1,-1,+0;0,0,0,2;蠻顎龍之鬥志;跑者,1
泥魚龍鎧甲α;82;-1,+2,-3,+0,+0;0,0,0,0;(無);泥耐性,1,水屬性攻擊強化,1
泥魚龍鎧甲β;82;-1,+2,-3,+0,+0;0,0,0,1;(無);泥耐性,1
飛雷龍鎧甲α;82;+0,-3,+3,+0,+0;0,0,0,0;(無);跳躍鐵人,1,迴避距離UP,1
飛雷龍鎧甲β;82;+0,-3,+3,+0,+0;0,0,1,0;(無);跳躍鐵人,1
浮空龍鎧甲α;82;-3,+2,+0,+1,+0;0,0,0,0;(無);騎乘名人,1,砲術,1
浮空龍鎧甲β;82;-3,+2,+0,+1,+0;0,0,0,1;(無);騎乘名人,1
雌火龍鎧甲α;84;+2,+0,-2,+0,-3;0,0,0,0;(無);植生學,2,體力回復量UP,1
雌火龍鎧甲β;84;+2,+0,-2,+0,-3;0,0,0,1;(無);植生學,1,體力回復量UP,1
火龍心鎧甲α;84;+3,+0,-3,+0,-4;0,0,0,0;櫻火龍之奧祕;整備,2
火龍心鎧甲β;84;+3,+0,-3,+0,-4;0,0,0,2;櫻火龍之奧祕;整備,1
骨鎚龍鎧甲α;78;+0,+2,+0,-1,-2;0,0,0,0;(無);睡眠屬性強化,1,裂傷耐性,1
骨鎚龍鎧甲β;78;+0,+2,+0,-1,-2;0,0,0,1;(無);睡眠屬性強化,1
酸翼龍斗篷α;86;+1,+1,+0,+1,-2;0,0,0,0;(無);熱傷害無效,1,防禦力DOWN耐性,1
酸翼龍斗篷β;86;+1,+1,+0,+1,-2;0,0,0,1;(無);熱傷害無效,1
岩賊龍鎧甲α;86;+2,+0,-3,+0,+2;0,0,0,0;(無);爆破屬性強化,2
岩賊龍鎧甲β;86;+2,+0,-3,+0,+2;0,0,0,1;(無);爆破屬性強化,1
鑄島熔岩皮α;76;+4,-3,-1,-2,-3;0,0,0,0;熔山龍的奧祕;爆破屬性強化,2,風壓耐性,1
鑄島熔岩皮β;76;+4,-3,-1,-2,-3;0,0,1,0;熔山龍的奧祕;爆破屬性強化,2
礦石鎧甲α;82;+0,-1,-2,+3,+0;0,0,0,0;(無);耳塞,2,冰屬性攻擊強化,1
礦石鎧甲β;82;+0,-1,-2,+3,+0;0,0,1,0;(無);耳塞,1,冰屬性攻擊強化,1
鑄鐵鎧甲α;82;-2,+0,+3,-1,+0;0,0,0,0;(無);雷耐性,2
鑄鐵鎧甲β;82;-2,+0,+3,-1,+0;0,0,0,1;(無);雷耐性,1
旅團戰衣α;84;+1,+0,+2,+0,+2;0,0,1,0;(無);精靈加護,2
旅團戰衣β;84;+1,+0,+2,+0,+2;0,0,2,0;(無);精靈加護,1
熔岩龍鎧甲α;88;+3,-3,+1,-2,+2;0,0,0,0;(無);火屬性攻擊強化,2,熱傷害無效,1
熔岩龍鎧甲β;88;+3,-3,+1,-2,+2;0,0,0,2;(無);火屬性攻擊強化,1
風漂龍鎧甲α;86;-1,+2,-3,+3,+0;0,0,0,0;風漂龍的恩寵;迴避性能,2,精靈加護,1
風漂龍鎧甲β;86;-1,+2,-3,+3,+0;0,0,0,1;風漂龍的恩寵;迴避性能,2
慘爪龍鎧甲α;86;+2,+2,-2,-3,+0;0,0,0,0;慘爪龍的奧秘;砥石使用高速化,2,裂傷耐性,1
慘爪龍鎧甲β;86;+2,+2,-2,-3,+0;0,0,0,1;慘爪龍的奧秘;砥石使用高速化,2
火龍鎧甲α;86;+3,+1,-2,+1,-3;0,0,0,0;火龍奧秘;弱點特效,2,火屬性攻擊強化,1
火龍鎧甲β;86;+3,+1,-2,+1,-3;0,0,0,1;火龍奧秘;弱點特效,2
火龍魂鎧甲α;82;+3,+2,+2,-3,-4;0,0,0,1;火龍奧秘;屬性解放裝填擴充,1,威嚇,1
火龍魂鎧甲β;82;+3,+2,+2,-3,-4;0,0,1,0;火龍奧秘;屬性解放裝填擴充,1
角龍鎧甲α;86;+3,-2,+0,-3,+2;0,0,0,0;角龍之奧秘;KO術,2,火場怪力,1
角龍鎧甲β;86;+3,-2,+0,-3,+2;0,0,1,0;角龍之奧秘;KO術,2
暴君角龍鎧甲α;82;+2,-3,+0,-4,+2;0,0,0,1;角龍之奧秘;怨恨,2
暴君角龍鎧甲β;82;+2,-3,+0,-4,+2;0,0,1,1;角龍之奧秘;怨恨,1
爆鎚龍鎧甲α;86;+4,-3,+1,-2,-2;0,0,0,1;爆鎚龍之守護;破壞王,2
爆鎚龍鎧甲β;86;+4,-3,+1,-2,-2;0,1,0,0;爆鎚龍之守護;破壞王,1
爆鱗龍鎧甲α;84;+3,+1,-4,-2,-2;0,0,0,0;爆鱗龍之守護;防禦性能,2,爆破異常狀態的耐性,2
爆鱗龍鎧甲β;84;+3,+1,-4,-2,-2;0,0,0,2;爆鱗龍之守護;防禦性能,2
大馬士革鎧甲α;86;+4,-2,+0,+0,+0;0,0,0,1;(無);集中,2,防禦,2
大馬士革鎧甲β;86;+4,-2,+0,+0,+0;0,0,0,3;(無);集中,2
杜賓鎧甲α;86;-2,+0,-1,-1,+4;0,0,0,1;(無);攻擊,2,最愛菇類,1
杜賓鎧甲β;86;-2,+0,-1,-1,+4;0,1,0,0;(無);攻擊,2
死神肌肉α;88;+3,+2,-2,+3,-4;0,0,0,0;(無);不屈,1,屬性解放裝填擴充,1
死神肌肉β;88;+3,+2,-2,+3,-4;0,1,0,0;(無);不屈,1
戰紋鎧甲α;84;+1,+1,-3,+1,-3;0,0,0,1;滅盡龍之飢餓;耐力急速回復,2,挑戰者,1
戰紋鎧甲β;84;+1,+1,-3,+1,-3;0,0,1,1;滅盡龍之飢餓;耐力急速回復,2
帝王鎧甲α;84;+3,-3,+1,-3,+1;0,0,0,0;炎王龍之武技;特殊射擊強化,2,力量解放,1
帝王鎧甲β;84;+3,-3,+1,-3,+1;0,0,0,2;炎王龍之武技;特殊射擊強化,2
鋼龍恐懼α;84;+0,+2,-3,+4,-2;0,0,0,0;鋼龍之飛翔;匠,2,集中,1
鋼龍恐懼β;84;+0,+2,-3,+4,-2;0,0,1,0;鋼龍之飛翔;匠,2
烏爾德鎧甲α;84;-4,+4,+1,-1,-3;0,0,0,1;屍套龍之命脈;回復速度,2,龍屬性攻擊強化,1
烏爾德鎧甲β;84;-4,+4,+1,-1,-3;0,0,0,2;屍套龍之命脈;回復速度,2
麒麟服飾α;84;-3,-2,+4,-2,+2;0,0,0,0;麒麟的恩寵;精靈加護,2,雷屬性攻擊強化,1
麒麟服飾β;84;-3,-2,+4,-2,+2;0,0,0,1;麒麟的恩寵;精靈加護,2
冥燈幽火皮α;92;-3,+2,+2,+2,-4;0,0,0,1;冥燈龍的神秘;強化持續,2,屬性異常狀態的耐性,1
冥燈幽火皮β;92;-3,+2,+2,+2,-4;0,0,0,2;冥燈龍的神秘;強化持續,2
公會十字戰衣α;82;+0,+0,+0,+0,+0;0,0,0,1;公會的指引;死裡逃生,1,冰耐性,2
公會十字戰衣β;82;+0,+0,+0,+0,+0;0,1,0,0;公會的指引;死裡逃生,1
追蹤者服飾α;90;+2,+2,+2,+2,+2;0,0,0,0;調查團的指引;廣域化,2,攀岩者,1
追蹤者服飾β;90;+2,+2,+2,+2,+2;0,0,0,1;調查團的指引;廣域化,2
殘虐鎧甲α;84;+1,+1,-3,+2,-3;0,0,1,0;(無);快吃,1,匠,1
殘虐鎧甲β;84;+1,+1,-3,+2,-3;0,1,0,0;(無);快吃,1
絢輝龍鎧羅鎧甲α;92;+4,-2,+3,-4,-2;0,0,0,1;(無);昏厥耐性,2,超會心,2
絢輝龍鎧羅鎧甲β;92;+4,-2,+3,-4,-2;0,1,0,1;(無);昏厥耐性,2,超會心,1
皇后鎧甲α;90;+3,+1,+1,-3,-2;0,0,0,2;炎妃龍之恩寵;無傷,2,體力增強,1
皇后鎧甲β;90;+3,+1,+1,-3,-2;0,0,0,3;炎妃龍之恩寵;無傷,2
巴魯特服飾α;78;+1,+1,+4,+1,+1;0,0,0,2;(無);收刀術,1
潛水夫服裝α;84;+1,+4,+1,+1,+1;0,0,1,0;(無);看破,1
收穫裝甲α;84;+4,+1,+1,+1,+1;0,0,1,1;(無);耐震,1
獵戶星服飾α;90;+1,+1,+1,+4,+1;0,1,0,0;(無);減輕膽怯,1
盛裝服飾α;90;+1,+1,+1,+1,+4;0,0,1,2;星辰的祝福;拔刀術技,1
獨角仙后上身α;80;-1,-1,+2,+0,+2;0,0,0,0;(無);體力增強,2,昏厥耐性,1
獨角仙后上身β;80;-1,-1,+2,+0,+2;0,0,0,1;(無);體力增強,2
戰紋鎧甲γ;84;+1,+1,-3,+1,-3;0,1,1,1;滅盡龍之飢餓;精神抖擻,1
烏爾德鎧甲γ;92;-4,+4,+1,-1,-3;0,1,0,0;屍套龍之命脈;無傷,1,體力回復量UP,1
麒麟服飾γ;92;-3,-2,+4,-2,+2;0,0,0,2;麒麟的恩寵;屬性解放裝填擴充,2
帝王鎧甲γ;92;+3,-3,+1,-3,+1;0,0,1,0;炎王龍之武技;力量解放,2,弱點特效,1
鋼龍恐懼γ;92;+0,+2,-3,+4,-2;0,0,1,0;鋼龍之飛翔;冰屬性攻擊強化,3,迴避距離UP,1
鑄島熔岩皮γ;92;+4,-3,-1,-2,-3;0,0,0,3;熔山龍的奧祕;耐震,2
冥燈幽火皮γ;90;-3,+2,+2,+2,-4;0,0,0,2;冥燈龍的神秘;減輕膽怯,2
絢輝龍鎧羅鎧甲γ;92;+4,-2,+3,-4,-2;0,0,0,1;(無);匠,2,挑戰者,1
皇后鎧甲γ;90;+3,+1,+1,-3,-2;0,1,0,0;炎妃龍之恩寵;耳塞,2,整備,1
蒼星之將鎧甲α;82;+2,+2,+0,+0,+3;0,0,1,0;火龍奧秘;匠,1
但丁風衣α;84;+3,-3,+3,-3,+3;0,1,0,0;(無);迴避性能,1,看破,1
騰龍戰鎧α;92;-2,-2,+3,-2,+4;0,1,0,0;龍騎士之證;看破,2,超會心,1
精英骨製鎧甲α;172;+2,+0,+2,+0,+2;0,0,1,0;(無);攻擊,2,體力增強,1
精英骨製鎧甲β;172;+2,+0,+2,+0,+2;1,0,0,1;(無);攻擊,1
精英合金鎧甲α;152;-2,+0,-2,-2,+0;0,1,0,0;(無);水耐性,2,防禦,1
精英合金鎧甲β;152;-2,+0,-2,-2,+0;1,0,0,1;(無);水耐性,1
精英巨蜂鎧甲α;154;-2,+1,+1,+1,+2;0,0,1,1;(無);風壓耐性,2
精英巨蜂鎧甲β;154;-2,+1,+1,+1,+2;1,0,0,1;(無);風壓耐性,1
精英巨甲蟲鎧甲α;154;-1,-1,+0,+0,+2;0,0,1,1;(無);適應瘴氣環境,1,飢餓耐性,2
精英巨甲蟲鎧甲β;154;-1,-1,+0,+0,+2;1,0,1,1;(無);適應瘴氣環境,1
精英酸翼龍斗篷α;154;+1,+1,+0,+1,-2;0,0,2,0;(無);熱傷害無效,1,防禦力DOWN耐性,2
精英酸翼龍斗篷β;154;+1,+1,+0,+1,-2;1,0,1,0;(無);熱傷害無效,1,防禦力DOWN耐性,1
精英冬翼龍斗篷α;154;-3,+2,+0,+2,+0;0,0,0,2;(無);飢餓耐性,2,跳躍鐵人,1
精英冬翼龍斗篷β;154;-3,+2,+0,+2,+0;1,0,0,0;(無);飢餓耐性,1,跳躍鐵人,1
精英凶豺龍鎧甲α;154;-2,+2,-1,-1,+1;0,1,0,0;(無);迴避距離UP,1,攻擊,2
精英凶豺龍鎧甲β;154;-2,+2,-1,-1,+1;1,0,0,0;(無);迴避距離UP,1,攻擊,1
精英眩鳥鎧甲α;154;+0,+0,-3,-2,+0;0,0,0,2;(無);體術,2,水屬性攻擊強化,2
精英眩鳥鎧甲β;154;+0,+0,-3,-2,+0;1,0,0,1;(無);體術,1,水屬性攻擊強化,1
精英凶顎龍鎧甲α;154;+0,-3,+2,+0,+1;0,0,1,0;(無);麻痺耐性,2,屬性解放裝填擴充,1
精英凶顎龍鎧甲β;154;+0,-3,+2,+0,+1;1,0,1,0;(無);麻痺耐性,2
精英岩賊龍鎧甲α;158;+2,+0,-3,+0,+2;0,0,1,0;(無);爆破屬性強化,2,砲術,1
精英岩賊龍鎧甲β;158;+2,+0,-3,+0,+2;1,0,0,0;(無);爆破屬性強化,2
精英搔鳥鎧甲α;154;+0,-3,+0,+1,+0;0,0,1,0;(無);耐力急速回復,1,看破,2
精英搔鳥鎧甲β;154;+0,-3,+0,+1,+0;1,0,0,0;(無);耐力急速回復,1,看破,1
精英毒妖鳥鎧甲α;156;+0,+3,-3,+0,+1;0,0,1,0;(無);道具使用強化,2,無傷,1
精英毒妖鳥鎧甲β;156;+0,+3,-3,+0,+1;1,0,0,0;(無);道具使用強化,1,無傷,1
精英妖水鎧甲α;170;+0,+3,-2,-3,+0;0,0,1,0;(無);強化持續,1,拔刀術技,1
精英妖水鎧甲β;170;+0,+3,-2,-3,+0;1,0,0,1;(無);強化持續,1
精英土砂龍鎧甲α;156;-3,-1,+3,-1,+0;0,0,0,2;(無);奪取耐力,2,挑戰者,1
精英土砂龍鎧甲β;156;-3,-1,+3,-1,+0;1,0,0,1;(無);奪取耐力,2
精英泥魚龍鎧甲α;156;-1,+2,-3,+0,+0;0,0,1,0;(無);力量解放,1,水屬性攻擊強化,2
精英泥魚龍鎧甲β;156;-1,+2,-3,+0,+1;1,0,0,0;(無);力量解放,1,水屬性攻擊強化,1
精英冰魚龍鎧甲α;156;-3,+0,-2,+3,+2;0,1,0,0;(無);耐力急速回復,1,冰屬性攻擊強化,2
精英冰魚龍鎧甲β;156;-3,+0,-2,+3,+2;1,0,1,0;(無);耐力急速回復,1
精英飛雷龍鎧甲α;158;+0,-3,+3,+0,+0;0,0,1,1;(無);跳躍鐵人,1,體術,1
精英飛雷龍鎧甲β;158;+0,-3,+3,+0,+0;1,0,1,0;(無);跳躍鐵人,1
精英朱毒鎧甲α;170;+1,+3,-3,-2,+1;0,0,0,2;(無);收刀術,1,迴避距離UP,1
精英朱毒鎧甲β;170;+1,+3,-3,-2,+1;1,0,0,1;(無);收刀術,1
精英礦石鎧甲α;166;+0,-1,-2,+3,+0;0,0,1,0;(無);耳塞,2,冰屬性攻擊強化,1
精英礦石鎧甲β;166;+0,-1,-2,+3,+0;1,0,0,1;(無);耳塞,1,冰屬性攻擊強化,1
精英猛牛龍鎧甲α;168;-2,+2,-1,+3,-3;0,1,0,0;(無);快吃,1,攻擊守勢,1
精英猛牛龍鎧甲β;168;-2,+2,-1,+3,-3;1,0,0,1;(無);快吃,1
精英蠻顎龍鎧甲α;170;+3,-3,-1,-1,+0;0,0,0,2;蠻顎龍的霸氣;跑者,2,特殊射擊強化,1
精英蠻顎龍鎧甲β;170;+3,-3,-1,-1,+0;1,0,0,1;蠻顎龍的霸氣;跑者,1,特殊射擊強化,1
精英雷顎鎧甲α;170;-1,-1,+2,-3,+0;0,1,0,0;蠻顎龍的霸氣;減輕膽怯,1,昏厥耐性,2
精英雷顎鎧甲β;170;-1,-1,+2,-3,+0;1,0,0,0;蠻顎龍的霸氣;弱點特效,1,昏厥耐性,1
精英雌火龍鎧甲α;168;+2,+0,-2,+0,-3;0,0,2,0;雌火龍的真髓;植生學,2,體力回復量UP,1
精英雌火龍鎧甲β;168;+2,+0,-2,+0,-3;1,0,1,0;雌火龍的真髓;植生學,1,體力回復量UP,1
精英火龍心鎧甲α;170;+3,+0,-3,+0,-4;0,0,1,0;雌火龍的真髓;整備,2,匠,1
精英火龍心鎧甲β;170;+3,+0,-3,+0,-4;1,0,0,2;雌火龍的真髓;整備,2
精英浮空龍鎧甲α;168;-3,+2,+0,+1,+0;0,1,0,1;(無);騎乘名人,1,砲術,1
精英浮空龍鎧甲β;168;-3,+2,+0,+1,+0;1,0,0,1;(無);騎乘名人,1
精英浮夢鎧甲α;170;-3,-3,+2,+1,+1;0,0,1,0;(無);廣域化,2,精神抖擻,1
精英浮夢鎧甲β;170;-3,-3,+2,+1,+1;1,0,0,1;(無);廣域化,2
精英骨鎚龍鎧甲α;172;+0,+2,+0,-1,-2;0,1,0,0;(無);睡眠屬性強化,1,裂傷耐性,1
精英骨鎚龍鎧甲β;172;+0,+2,+0,-1,-2;1,0,0,0;(無);睡眠屬性強化,1
精英機械鎧甲α;174;+1,-2,-2,+2,+3;0,0,0,1;太古的神秘;看破,3,無傷,1
精英機械鎧甲β;174;+1,-2,-2,+2,+3;1,0,0,0;太古的神秘;看破,2,無傷,1
精英蒸氣貴族鎧甲α;174;+2,+2,+2,-1,-1;0,0,0,2;調查團的鍊金術;挑戰者,2,特殊射擊強化,1
精英蒸氣貴族鎧甲β;174;+2,+2,+2,-1,-1;1,0,0,1;調查團的鍊金術;挑戰者,2
精英鑄鐵鎧甲α;168;-2,+0,+3,-1,+0;0,1,0,0;(無);雷耐性,2,屬性解放裝填擴充,1
精英鑄鐵鎧甲β;168;-2,+0,+3,-1,+0;1,0,0,0;(無);雷耐性,1,屬性解放裝填擴充,1
精英冰牙龍鎧甲α;170;-3,+2,-2,+3,+0;0,1,0,0;冰牙龍的秘技;強化持續,1,體術,1
精英冰牙龍鎧甲β;170;-3,+2,-2,+3,+0;1,0,0,1;冰牙龍的秘技;強化持續,1
精英火龍鎧甲α;172;+3,+1,-2,+1,-3;0,0,0,2;火龍的真髓;弱點特效,2,火屬性攻擊強化,1
精英火龍鎧甲β;172;+3,+1,-2,+1,-3;1,0,0,0;火龍的真髓;弱點特效,2
精英火龍魂鎧甲α;172;+3,+2,+2,-3,-4;0,0,1,0;火龍的真髓;屬性解放裝填擴充,1,破壞王,1
精英火龍魂鎧甲β;172;+3,+2,+2,-3,-4;1,0,0,1;火龍的真髓;屬性解放裝填擴充,1
精英角龍鎧甲α;172;+3,-2,+0,-3,+2;0,0,1,0;角龍的霸氣;KO術,2,火場怪力,2
精英角龍鎧甲β;172;+3,-2,+0,-3,+2;1,0,0,1;角龍的霸氣;KO術,2,火場怪力,1
精英暴君角龍鎧甲α;172;+2,-3,+0,-4,+2;0,0,1,0;角龍的霸氣;怨恨,2,跑者,1
精英暴君角龍鎧甲β;172;+2,-3,+0,-4,+2;1,0,0,1;角龍的霸氣;怨恨,1,跑者,1
精英風漂龍鎧甲α;172;-1,+2,-3,+3,+0;0,0,0,1;風漂龍的霸氣;迴避性能,2,精靈加護,2
精英風漂龍鎧甲β;172;-1,+2,-3,+3,+0;1,0,0,0;風漂龍的霸氣;迴避性能,2,精靈加護,1
精英霜漂鎧甲α;170;-3,+2,-1,+3,+0;0,0,0,2;風漂龍的霸氣;集中,2,跑者,1
精英霜漂鎧甲β;170;-3,+2,-1,+3,+0;1,0,0,0;風漂龍的霸氣;集中,2
精英慘爪龍鎧甲α;172;+2,+2,-2,-3,+0;0,1,0,0;慘爪龍的真髓;砥石使用高速化,2,裂傷耐性,1
精英慘爪龍鎧甲β;172;+2,+2,-2,-3,+0;1,0,0,1;慘爪龍的真髓;砥石使用高速化,2
精英亡爪鎧甲α;172;-2,-3,-2,-2,+4;0,0,1,0;慘爪龍的真髓;看破,3,龍耐性,2
精英亡爪鎧甲β;172;-2,-3,-2,-2,+4;1,0,0,1;慘爪龍的真髓;看破,2,龍耐性,1
精英熔岩龍鎧甲α;172;+3,-3,+1,-2,+2;0,0,0,2;(無);火屬性攻擊強化,3,熱傷害無效,1
精英熔岩龍鎧甲β;172;+3,-3,+1,-2,+2;1,0,0,1;(無);火屬性攻擊強化,2,熱傷害無效,1
精英爆鎚龍鎧甲α;176;+4,-3,+1,-2,-2;0,0,1,0;爆鎚龍的霸氣;破壞王,2,爆破異常狀態的耐性,1
精英爆鎚龍鎧甲β;176;+4,-3,+1,-2,-2;1,0,0,0;爆鎚龍的霸氣;破壞王,2
精英迅龍鎧甲α;172;-2,+2,-3,+0,+0;0,0,1,0;迅龍的真髓;迴避性能,2,蹲下移動速度UP,1
精英迅龍鎧甲β;172;-2,+2,-3,+0,+0;1,0,0,0;迅龍的真髓;迴避性能,2
精英斬龍鎧甲α;174;+3,-3,+1,-1,-1;0,0,0,1;斬龍的真髓;強化持續,2,精神抖擻,1
精英斬龍鎧甲β;174;+3,-3,+1,-1,-1;1,0,0,0;斬龍的真髓;強化持續,1,精神抖擻,1
精英斬黃鎧甲α;174;-3,+2,-1,+2,-1;0,0,0,1;斬龍的真髓;匠,2,耐力急速回復,1
精英斬黃鎧甲β;174;-3,+2,-1,+2,-1;1,0,0,1;斬龍的真髓;匠,1,耐力急速回復,1
精英碎龍鎧甲α;174;+3,-2,+1,-3,+1;0,0,0,1;碎龍的真髓;奪取耐力,2,挑戰者,1
精英碎龍鎧甲β;174;+3,-2,+1,-3,+1;1,0,0,0;碎龍的真髓;奪取耐力,1,挑戰者,1
精英轟龍鎧甲α;174;+2,+0,-3,+0,-2;0,0,1,0;轟龍的真髓;耳塞,2,滿足感,1
精英轟龍鎧甲β;174;+2,+0,-3,+0,-2;1,0,0,1;轟龍的真髓;耳塞,2
#精英黑帶鎧甲α;174;+1,+1,+1,+1,+2;0,0,0,3;教官的引導;最愛菇類,2,廣域化,1
#精英黑帶鎧甲β;174;+1,+1,+1,+1,+2;1,0,0,2;教官的引導;最愛菇類,2
精英杜賓鎧甲α;176;-2,+0,-1,-1,+4;0,0,0,3;(無);攻擊,2,瘴氣耐性,1
精英杜賓鎧甲β;176;-2,+0,-1,-1,+4;1,0,0,2;(無);攻擊,1,瘴氣耐性,1
精英大馬士革鎧甲α;176;+4,-2,+0,+0,+0;0,1,0,1;(無);集中,2,防禦,2
精英大馬士革鎧甲β;176;+4,-2,+0,+0,+0;1,0,1,1;(無);集中,2
精英矜持鎧甲α;178;+3,+1,-2,-4,-2;0,0,0,2;爆鱗龍的霸氣;防禦性能,2,爆破異常狀態的耐性,2
精英矜持鎧甲β;178;+3,+1,-2,-4,-2;1,0,0,2;爆鱗龍的霸氣;防禦性能,2
精英貪欲鎧甲α;180;+2,+1,-3,+1,-3;0,0,1,0;恐暴龍的真髓;快吃,1,匠,2
精英貪欲鎧甲β;180;+2,+1,-3,+1,-3;1,0,2,0;恐暴龍的真髓;快吃,1
精英雪崩鎧甲α;172;+4,-2,+0,+0,+0;0,0,0,1;冰呪龍的神秘;收刀術,2,拔刀術技,1
精英雪崩鎧甲β;172;+4,-2,+0,+0,+0;1,0,0,1;冰呪龍的神秘;收刀術,2
精英死滅鎧甲α;174;-2,+4,+1,+1,-3;0,1,0,1;屍套龍的靈脈;回復速度,2,龍屬性攻擊強化,2
精英死滅鎧甲β;174;-2,+4,+1,+1,-3;1,0,1,0;屍套龍的靈脈;回復速度,2,龍屬性攻擊強化,1
精英帝王鎧甲α;174;+3,-3,+1,-3,+1;0,0,1,1;炎王龍之武技;力量解放,1,特殊射擊強化,2
精英帝王鎧甲β;174;+3,-3,+1,-3,+1;1,0,0,2;炎王龍之武技;力量解放,1
精英鋼龍恐懼α;174;+0,+2,-3,+4,-2;0,0,0,1;鋼龍之飛翔;匠,3
精英鋼龍恐懼β;174;+0,+2,-3,+4,-2;1,0,1,0;鋼龍之飛翔;匠,2
精英麒麟服飾α;172;-3,-2,+4,-2,+2;0,1,1,0;幻獸的神秘;看破,3,精靈加護,1
精英麒麟服飾β;172;-3,-2,+4,-2,+2;1,0,1,0;幻獸的神秘;看破,2,精靈加護,1
精英觸角鎧甲α;176;-3,+4,+3,+0,-2;0,0,2,0;溟波龍的神秘;屬性異常狀態的耐性,2,整備,1
精英觸角鎧甲β;176;-3,+4,+3,+0,-2;1,0,1,0;溟波龍的神秘;屬性異常狀態的耐性,1,整備,1
精英迦樓羅鎧甲α;180;+0,-2,+3,+3,+0;0,1,1,0;天地煌啼龍的神秘;轉禍為福,2,體力增強,1
精英迦樓羅鎧甲β;180;+0,-2,+3,+3,+0;1,0,1,0;天地煌啼龍的神秘;轉禍為福,2
精英鑄島熔岩皮α;178;+4,-3,-1,-2,-3;0,1,0,1;熔山龍的真髓;耐震,2,砲術,2
精英鑄島熔岩皮β;178;+4,-3,-1,-2,-3;1,0,1,0;熔山龍的真髓;耐震,2
精英黑狼鳥鎧甲α;178;+2,-3,+2,-2,-2;0,0,0,1;(無);耳塞,2,看破,2
精英黑狼鳥鎧甲β;178;+2,-3,+2,-2,-2;1,0,0,0;(無);耳塞,1,看破,2
精英雷狼龍鎧甲α;182;-1,-1,+4,-4,+1;0,1,0,0;雷狼龍的真髓;力量解放,3,通常彈通常箭強化,1
精英雷狼龍鎧甲β;182;-1,-1,+4,-4,+1;1,0,0,0;雷狼龍的真髓;力量解放,3
精英金色羽織α;182;+2,+0,+3,-5,+2;0,1,0,1;金獅子的怒氣;怨恨,2,砥石使用高速化,2
精英金色羽織β;182;+2,+0,+3,-5,+2;1,0,0,2;金獅子的怒氣;怨恨,2
精英齊天衣α;208;+2,+0,+3,-5,+2;0,0,0,1;金獅子之鬥志;精神抖擻,3,耳塞,2
精英齊天衣β;208;+2,+0,+3,-5,+2;1,0,1,0;金獅子之鬥志;精神抖擻,3
精英獄狼龍鎧甲α;184;+2,-4,-5,+0,+4;0,0,1,0;雷狼龍的真髓;風壓耐性,3,減輕膽怯,2
精英獄狼龍鎧甲β;184;+2,-4,-5,+0,+4;1,0,0,0;雷狼龍的真髓;風壓耐性,3,減輕膽怯,1
精英龍紋刻印封鎧α;186;+2,+1,+1,+1,-1;0,1,1,0;冥赤龍的封印;屬性異常狀態的耐性,2,超會心,1
精英龍紋刻印封鎧β;186;+2,+1,+1,+1,-1;1,0,1,0;冥赤龍的封印;屬性異常狀態的耐性,1,超會心,1
精英風火輪服飾α;158;+1,+1,+1,+4,+1;1,0,0,0;萬福的祝福;耐力急速回復,2
精英阿斯特拉服飾α;178;+2,+2,+2,+2,+2;0,0,0,1;大感謝的祝福;超會心,2
精英薔薇服裝α;202;+4,+1,+1,+1,+1;1,0,0,0;盛放之祝福;攻擊,3
精英熱情身體α;208;+1,+4,+1,+1,+1;1,0,0,1;熱情的祝福;採集達人,1,剝取鐵人,1
精英倉世武士羽織α;208;+2,+2,+0,+0,+3;1,0,0,0;銀火龍的真髓;體術,2,集中,1
精英健美身體α;178;+2,-1,+0,-1,-3;0,0,0,3;(無);挑戰者,3,不屈,1
